--> 47 Prime paths: (TR)
1. [1,2,4,6,7,8,10,11,12,13,15,16]
2. [1,2,4,6,7,8,10,11,12,13,15,17]
3. [1,2,4,6,7,8,10,11,12,14]
4. [1,2,4,6,7,8,10,11,15,17]
5. [1,2,4,6,7,8,10,11,15,16]
6. [9,17,7,8,10,11,12,13,15,16]
7. [7,8,10,11,12,13,15,17,7]
8. [8,10,11,12,13,15,17,7,8]
9. [8,10,11,12,13,15,17,7,18]
10. [14,11,12,13,15,17,7,8,10]
11. [14,11,12,13,15,17,7,8,9]
12. [13,15,17,7,8,10,11,12,13]
13. [15,17,7,8,10,11,12,13,15]
14. [13,15,17,7,8,10,11,12,14]
15. [12,13,15,17,7,8,10,11,12]
16. [17,7,8,10,11,12,13,15,17]
17. [10,11,12,13,15,17,7,8,9]
18. [11,12,13,15,17,7,8,10,11]
19. [10,11,12,13,15,17,7,8,10]
20. [9,17,7,8,10,11,15,16]
21. [1,2,4,6,7,8,9,17]
22. [9,17,7,8,10,11,12,14]
23. [14,11,12,13,15,17,7,18]
24. [12,14,11,15,17,7,8,10]
25. [12,14,11,15,17,7,8,9]
26. [8,10,11,15,17,7,18]
27. [8,10,11,15,17,7,8]
28. [7,8,10,11,15,17,7]
29. [17,7,8,10,11,15,17]
30. [12,14,11,15,17,7,18]
31. [15,17,7,8,10,11,15]
32. [10,11,15,17,7,8,9]
33. [10,11,15,17,7,8,10]
34. [11,15,17,7,8,10,11]
35. [1,2,4,6,7,18]
36. [14,11,12,13,15,16]
37. [8,9,17,7,8]
38. [8,9,17,7,18]
39. [9,17,7,8,9]
40. [7,8,9,17,7]
41. [12,14,11,15,16]
42. [17,7,8,9,17]
43. [1,2,4,5]
44. [12,14,11,12]
45. [14,11,12,14]
46. [11,12,14,11]
47. [1,2,3]


###################### 21 Test Paths ######################
Path(t1)= [1,2,4,6,7,8,10,11,12,13,15,16]
Satisfies Test requirment :
[1,2,4,6,7,8,10,11,12,13,15,16]
- Test Case: No Test Cases can be done for this path because it's not
possible to enter node 13 and 16 

----------------------------

Path(t2)= [1,2,4,6,7,8,10,11,15,17,7,8,10,11,12,13,15,17,7,8,10,11,12,14,11,15,17,7,8,10,11,15,17,7,18]
Satisfies Test requirments :
[1,2,4,6,7,8,10,11,15,17], [7,8,10,11,12,13,15,17,7], [8,10,11,12,13,15,17,7,8],
[15,17,7,8,10,11,12,13,15], [13,15,17,7,8,10,11,12,14], [12,13,15,17,7,8,10,11,12],
[17,7,8,10,11,12,13,15,17], [11,12,13,15,17,7,8,10,11], [10,11,12,13,15,17,7,8,10],
[12,14,11,15,17,7,8,10], [8,10,11,15,17,7,18], [8,10,11,15,17,7,8], [7,8,10,11,15,17,7],
[17,7,8,10,11,15,17], [15,17,7,8,10,11,15], [10,11,15,17,7,8,10], [11,15,17,7,8,10,11], [11,12,14,11]
- Test Case:  not possible because it skips node 11 which means that it's less than 2
but it didn't enter node 4

----------------------------

Path(t3)= [1,2,4,6,7,8,9,17,7,8,10,11,12,14,11,12,13,15,17,7,18]
Satisfies Test requirments :
[1,2,4,6,7,8,9,17], [9,17,7,8,10,11,12,14], [14,11,12,13,15,17,7,18],
[8,9,17,7,8], [7,8,9,17,7], [12,14,11,12], [11,12,14,11]
- Test Case: StartNumber =8 , endNumber= 9 

----------------------------

Path(t4) = [1,2,4,6,7,8,10,11,15,16]
Satisfies Test requirment :
[1,2,4,6,7,8,10,11,15,16]
- Test Case: Not possible


----------------------------

Path(t5) = [1,2,4,6,7,8,9,17,7,8,10,11,12,13,15,16]
Satisfies Test requirments :
[9,17,7,8,10,11,12,13,15,16], [1,2,4,6,7,8,9,17], [8,9,17,7,8], [7,8,9,17,7]
- Test Case: No Test Cases can be done for this path because it's not possible to enter node 13 and 16 

----------------------------

Path(t6) = [1,2,4,6,7,8,9,17,7,18]
Satisfies Test requirments :
[1,2,4,6,7,8,9,17], [8,9,17,7,18], [7,8,9,17,7]
- Test Case: StartNumber = 6 , endNumber= 6 

----------------------------

Path(t7) = [1,2,4,6,7,8,10,11,12,14,11,12,13,15,17,7,8,9,17,7,18]
Satisfies Test requirments :
[1,2,4,6,7,8,10,11,12,13,15,17], [7,8,10,11,12,13,15,17,7],
[8,10,11,12,13,15,17,7,8], [10,11,12,13,15,17,7,8,9], [14,11,12,13,15,17,7,18]
- Test Case: No Test Cases can be done for this path because it's not possible to
enter node 13 after skiping the condition at node 8

----------------------------

Path(t8) = [1,2,4,6,7,8,10,11,12,14,11,15,16]
Satisfies Test requirment :
[1,2,4,6,7,8,10,11,12,14], [12,14,11,15,16], [11,12,14,11]
- Test Case: StartNumber=3 , endNumber=10

----------------------------

Path(t9) = [1,2,4,6,7,8,10,11,12,13,15,17,7,8,10,11,12,13,15,17,7,18]
Satisfies Test requirments :
[1,2,4,6,7,8,10,11,12,13,15,17], [7,8,10,11,12,13,15,17,7], [8,10,11,12,13,15,17,7,8],
[8,10,11,12,13,15,17,7,18], [13,15,17,7,8,10,11,12,13], [15,17,7,8,10,11,12,13,15],
[12,13,15,17,7,8,10,11,12], [17,7,8,10,11,12,13,15,17], [11,12,13,15,17,7,8,10,11],[10,11,12,13,15,17,7,8,10]
- Test Case: not possible becauseit requiresand odd number that is divisible by 2

----------------------------

Path(t10) = [1,2,4,6,7,8,10,11,12,13,15,17,7,8,9,17,7,18]
Satisfies Test requirments :
[1,2,4,6,7,8,10,11,12,13,15,17],
[7,8,10,11,12,13,15,17,7], [8,10,11,12,13,15,17,7,18], [1,2,4,6,7,8,9,17], [7,8,9,17,7]
- Test Case: No Test Cases can be done for this path because it's
not possible to enter node 13 after skiping node 8


----------------------------

Path(t11) = [1,2,4,6,7,8,9,17,7,8,10,11,15,16]
Satisfies Test requirments :
[9,17,7,8,10,11,15,16], [1,2,4,6,7,8,9,17], [8,9,17,7,8], [7,8,9,17,7]
- Test Case: Not possible

----------------------------

Path(t12) = [1,2,4,6,7,8,10,11,12,14,11,15,17,7,8,9,17,7,18]
Satisfies Test requirments :
[1,2,4,6,7,8,10,11,12,14], [12,14,11,15,17,7,8,9],
[8,9,17,7,18], [7,8,9,17,7], [17,7,8,9,17], [11,12,14,11]
- Test Case: Not Possible because after skiping node 12 it must enter the condition at node 16 but it skipps it 

----------------------------

Path(t13) = [1,2,4,6,7,8,10,11,12,14,11,15,17,7,18]
Satisfies Test requirments :
[1,2,4,6,7,8,10,11,12,14], [12,14,11,15,17,7,18], [11,12,14,11]
- Test Case: Not possible because it must enter the condition at node 16 but it sipped it

----------------------------

Path(t14) = [1,2,4,6,7,8,10,11,15,17,7,8,9,17,7,18]
Satisfies Test requirments :
[1,2,4,6,7,8,10,11,15,17], [8,10,11,15,17,7,8],
[7,8,10,11,15,17,7], [10,11,15,17,7,8,9], [8,9,17,7,18], [7,8,9,17,7], [17,7,8,9,17]
- Test Case: Not possible because it enters reaches node 10 while its less than 2 so
it must have stopped at node 5


----------------------------

Path(t15) = [1,2,4,6,7,18]
Satisfies Test requirments :
[1,2,4,6,7,18]
- Test Case: Not possible because after skipping node 2 and 4 it can't skip the condition at node 7

----------------------------

Path(t16) = [1,2,4,6,7,8,10,11,12,14,11,12,13,15,16]
Satisfies Test requirments :
[1,2,4,6,7,8,10,11,12,14], [14,11,12,13,15,16], [12,14,11,12], [11,12,14,11]
- Test Case: Not Possible becauseit makes an even number prime

----------------------------

Path(t17) = [1,2,4,6,7,8,9,17,7,8,9,17,7,18]
Satisfies Test requirments :
[1,2,4,6,7,8,9,17], [8,9,17,7,8], [8,9,17,7,18], [9,17,7,8,9], [7,8,9,17,7], [17,7,8,9,17]
- Test Case: Not possible because after incrementing an even number its still even

----------------------------

Path(t18) = [1,2,4,5]
Satisfies Test requirments :
[1,2,4,5]
- Test Case: startNumber= 0 , endNumber= 100

----------------------------

Path(t19) = [1,2,4,6,7,8,10,11,12,14,11,12,14,11,15,16]
Satisfies Test requirments :
[1,2,4,6,7,8,10,11,12,14], [12,14,11,15,16], [12,14,11,12], [14,11,12,14], [11,12,14,11]
- Test Case: startNumber= 7  , endNumber= 10

----------------------------

Path(t20) = [1,2,3]
Satisfies Test requirments :
[1,2,3]
- Test Case: startNumber= 20  , endNumber= 10

----------------------------

Path(t21) = [1,2,4,6,7,8,10,11,12,14,11,12,13,15,17,7,8,10,11,15,16]
Satisfies Test requirments :
[1,2,4,6,7,8,10,11,12,14], [14,11,12,13,15,17,7,8,10],
[11,12,13,15,17,7,8,10,11], [15,17,7,8,10,11,15], [12,14,11,12], [11,12,14,11]
- Test Case: Not Possible